0
Letter  Freq   Expected    Partial
A   0 0   43.310000
B   1 0   10.560000
C   2 0   23.130000
D   3 0   17.250000
E   4 0   56.880031
F   5 1   9.240000
G   6 1   12.590000
H   7 1   15.310000
I   8 0   38.450000
J   9 0   1.000000
K   10 2   5.610000
L   11 0   27.980000
M   12 0   15.360000
N   13 0   33.920000
O   14 1   36.510000
P   15 0   16.140000
Q   16 0   1.000000
R   17 0   38.640000
S   18 0   29.230000
T   19 0   35.430000
U   20 0   18.510000
V   21 0   5.130000
W   22 0   6.570000
X   23 3   1.480000
Y   24 0   9.060000
Z   25 0   1.390000
498.754484

1
Letter  Freq   Expected    Partial
A   25 0   43.310000
B   0 0   10.560000
C   1 0   23.130000
D   2 0   17.250000
E   3 0   56.880031
F   4 0   9.240000
G   5 1   12.590000
H   6 1   15.310000
I   7 1   38.450000
J   8 0   1.000000
K   9 0   5.610000
L   10 2   27.980000
M   11 0   15.360000
N   12 0   33.920000
O   13 0   36.510000
P   14 1   16.140000
Q   15 0   1.000000
R   16 0   38.640000
S   17 0   29.230000
T   18 0   35.430000
U   19 0   18.510000
V   20 0   5.130000
W   21 0   6.570000
X   22 0   1.480000
Y   23 3   9.060000
Z   24 0   1.390000
493.049078

2
Letter  Freq   Expected    Partial
A   24 0   43.310000
B   25 0   10.560000
C   0 0   23.130000
D   1 0   17.250000
E   2 0   56.880031
F   3 0   9.240000
G   4 0   12.590000
H   5 1   15.310000
I   6 1   38.450000
J   7 1   1.000000
K   8 0   5.610000
L   9 0   27.980000
M   10 2   15.360000
N   11 0   33.920000
O   12 0   36.510000
P   13 0   16.140000
Q   14 1   1.000000
R   15 0   38.640000
S   16 0   29.230000
T   17 0   35.430000
U   18 0   18.510000
V   19 0   5.130000
W   20 0   6.570000
X   21 0   1.480000
Y   22 0   9.060000
Z   23 3   1.390000
500.506592

3
Letter  Freq   Expected    Partial
A   23 3   43.310000
B   24 0   10.560000
C   25 0   23.130000
D   0 0   17.250000
E   1 0   56.880031
F   2 0   9.240000
G   3 0   12.590000
H   4 0   15.310000
I   5 1   38.450000
J   6 1   1.000000
K   7 1   5.610000
L   8 0   27.980000
M   9 0   15.360000
N   10 2   33.920000
O   11 0   36.510000
P   12 0   16.140000
Q   13 0   1.000000
R   14 1   38.640000
S   15 0   29.230000
T   16 0   35.430000
U   17 0   18.510000
V   18 0   5.130000
W   19 0   6.570000
X   20 0   1.480000
Y   21 0   9.060000
Z   22 0   1.390000
493.235900

4
Letter  Freq   Expected    Partial
A   22 0   43.310000
B   23 3   10.560000
C   24 0   23.130000
D   25 0   17.250000
E   0 0   56.880031
F   1 0   9.240000
G   2 0   12.590000
H   3 0   15.310000
I   4 0   38.450000
J   5 1   1.000000
K   6 1   5.610000
L   7 1   27.980000
M   8 0   15.360000
N   9 0   33.920000
O   10 2   36.510000
P   11 0   16.140000
Q   12 0   1.000000
R   13 0   38.640000
S   14 1   29.230000
T   15 0   35.430000
U   16 0   18.510000
V   17 0   5.130000
W   18 0   6.570000
X   19 0   1.480000
Y   20 0   9.060000
Z   21 0   1.390000
493.890067

5
Letter  Freq   Expected    Partial
A   21 0   43.310000
B   22 0   10.560000
C   23 3   23.130000
D   24 0   17.250000
E   25 0   56.880031
F   0 0   9.240000
G   1 0   12.590000
H   2 0   15.310000
I   3 0   38.450000
J   4 0   1.000000
K   5 1   5.610000
L   6 1   27.980000
M   7 1   15.360000
N   8 0   33.920000
O   9 0   36.510000
P   10 2   16.140000
Q   11 0   1.000000
R   12 0   38.640000
S   13 0   29.230000
T   14 1   35.430000
U   15 0   18.510000
V   16 0   5.130000
W   17 0   6.570000
X   18 0   1.480000
Y   19 0   9.060000
Z   20 0   1.390000
492.624289

6
Letter  Freq   Expected    Partial
A   20 0   43.310000
B   21 0   10.560000
C   22 0   23.130000
D   23 3   17.250000
E   24 0   56.880031
F   25 0   9.240000
G   0 0   12.590000
H   1 0   15.310000
I   2 0   38.450000
J   3 0   1.000000
K   4 0   5.610000
L   5 1   27.980000
M   6 1   15.360000
N   7 1   33.920000
O   8 0   36.510000
P   9 0   16.140000
Q   10 2   1.000000
R   11 0   38.640000
S   12 0   29.230000
T   13 0   35.430000
U   14 1   18.510000
V   15 0   5.130000
W   16 0   6.570000
X   17 0   1.480000
Y   18 0   9.060000
Z   19 0   1.390000
496.386120

7
Letter  Freq   Expected    Partial
A   19 0   43.310000
B   20 0   10.560000
C   21 0   23.130000
D   22 0   17.250000
E   23 3   56.880031
F   24 0   9.240000
G   25 0   12.590000
H   0 0   15.310000
I   1 0   38.450000
J   2 0   1.000000
K   3 0   5.610000
L   4 0   27.980000
M   5 1   15.360000
N   6 1   33.920000
O   7 1   36.510000
P   8 0   16.140000
Q   9 0   1.000000
R   10 2   38.640000
S   11 0   29.230000
T   12 0   35.430000
U   13 0   18.510000
V   14 1   5.130000
W   15 0   6.570000
X   16 0   1.480000
Y   17 0   9.060000
Z   18 0   1.390000
492.258685

8
Letter  Freq   Expected    Partial
A   18 0   43.310000
B   19 0   10.560000
C   20 0   23.130000
D   21 0   17.250000
E   22 0   56.880031
F   23 3   9.240000
G   24 0   12.590000
H   25 0   15.310000
I   0 0   38.450000
J   1 0   1.000000
K   2 0   5.610000
L   3 0   27.980000
M   4 0   15.360000
N   5 1   33.920000
O   6 1   36.510000
P   7 1   16.140000
Q   8 0   1.000000
R   9 0   38.640000
S   10 2   29.230000
T   11 0   35.430000
U   12 0   18.510000
V   13 0   5.130000
W   14 1   6.570000
X   15 0   1.480000
Y   16 0   9.060000
Z   17 0   1.390000
493.061938

9
Letter  Freq   Expected    Partial
A   17 0   43.310000
B   18 0   10.560000
C   19 0   23.130000
D   20 0   17.250000
E   21 0   56.880031
F   22 0   9.240000
G   23 3   12.590000
H   24 0   15.310000
I   25 0   38.450000
J   0 0   1.000000
K   1 0   5.610000
L   2 0   27.980000
M   3 0   15.360000
N   4 0   33.920000
O   5 1   36.510000
P   6 1   16.140000
Q   7 1   1.000000
R   8 0   38.640000
S   9 0   29.230000
T   10 2   35.430000
U   11 0   18.510000
V   12 0   5.130000
W   13 0   6.570000
X   14 1   1.480000
Y   15 0   9.060000
Z   16 0   1.390000
494.272806

10
Letter  Freq   Expected    Partial
A   16 0   43.310000
B   17 0   10.560000
C   18 0   23.130000
D   19 0   17.250000
E   20 0   56.880031
F   21 0   9.240000
G   22 0   12.590000
H   23 3   15.310000
I   24 0   38.450000
J   25 0   1.000000
K   0 0   5.610000
L   1 0   27.980000
M   2 0   15.360000
N   3 0   33.920000
O   4 0   36.510000
P   5 1   16.140000
Q   6 1   1.000000
R   7 1   38.640000
S   8 0   29.230000
T   9 0   35.430000
U   10 2   18.510000
V   11 0   5.130000
W   12 0   6.570000
X   13 0   1.480000
Y   14 1   9.060000
Z   15 0   1.390000
493.682194

11
Letter  Freq   Expected    Partial
A   15 0   43.310000
B   16 0   10.560000
C   17 0   23.130000
D   18 0   17.250000
E   19 0   56.880031
F   20 0   9.240000
G   21 0   12.590000
H   22 0   15.310000
I   23 3   38.450000
J   24 0   1.000000
K   25 0   5.610000
L   0 0   27.980000
M   1 0   15.360000
N   2 0   33.920000
O   3 0   36.510000
P   4 0   16.140000
Q   5 1   1.000000
R   6 1   38.640000
S   7 1   29.230000
T   8 0   35.430000
U   9 0   18.510000
V   10 2   5.130000
W   11 0   6.570000
X   12 0   1.480000
Y   13 0   9.060000
Z   14 1   1.390000
494.473344

12
Letter  Freq   Expected    Partial
A   14 1   43.310000
B   15 0   10.560000
C   16 0   23.130000
D   17 0   17.250000
E   18 0   56.880031
F   19 0   9.240000
G   20 0   12.590000
H   21 0   15.310000
I   22 0   38.450000
J   23 3   1.000000
K   24 0   5.610000
L   25 0   27.980000
M   0 0   15.360000
N   1 0   33.920000
O   2 0   36.510000
P   3 0   16.140000
Q   4 0   1.000000
R   5 1   38.640000
S   6 1   29.230000
T   7 1   35.430000
U   8 0   18.510000
V   9 0   5.130000
W   10 2   6.570000
X   11 0   1.480000
Y   12 0   9.060000
Z   13 0   1.390000
501.400264

13
Letter  Freq   Expected    Partial
A   13 0   43.310000
B   14 1   10.560000
C   15 0   23.130000
D   16 0   17.250000
E   17 0   56.880031
F   18 0   9.240000
G   19 0   12.590000
H   20 0   15.310000
I   21 0   38.450000
J   22 0   1.000000
K   23 3   5.610000
L   24 0   27.980000
M   25 0   15.360000
N   0 0   33.920000
O   1 0   36.510000
P   2 0   16.140000
Q   3 0   1.000000
R   4 0   38.640000
S   5 1   29.230000
T   6 1   35.430000
U   7 1   18.510000
V   8 0   5.130000
W   9 0   6.570000
X   10 2   1.480000
Y   11 0   9.060000
Z   12 0   1.390000
496.198169

14
Letter  Freq   Expected    Partial
A   12 0   43.310000
B   13 0   10.560000
C   14 1   23.130000
D   15 0   17.250000
E   16 0   56.880031
F   17 0   9.240000
G   18 0   12.590000
H   19 0   15.310000
I   20 0   38.450000
J   21 0   1.000000
K   22 0   5.610000
L   23 3   27.980000
M   24 0   15.360000
N   25 0   33.920000
O   0 0   36.510000
P   1 0   16.140000
Q   2 0   1.000000
R   3 0   38.640000
S   4 0   29.230000
T   5 1   35.430000
U   6 1   18.510000
V   7 1   5.130000
W   8 0   6.570000
X   9 0   1.480000
Y   10 2   9.060000
Z   11 0   1.390000
492.763605

15
Letter  Freq   Expected    Partial
A   11 0   43.310000
B   12 0   10.560000
C   13 0   23.130000
D   14 1   17.250000
E   15 0   56.880031
F   16 0   9.240000
G   17 0   12.590000
H   18 0   15.310000
I   19 0   38.450000
J   20 0   1.000000
K   21 0   5.610000
L   22 0   27.980000
M   23 3   15.360000
N   24 0   33.920000
O   25 0   36.510000
P   0 0   16.140000
Q   1 0   1.000000
R   2 0   38.640000
S   3 0   29.230000
T   4 0   35.430000
U   5 1   18.510000
V   6 1   5.130000
W   7 1   6.570000
X   8 0   1.480000
Y   9 0   9.060000
Z   10 2   1.390000
495.602801

16
Letter  Freq   Expected    Partial
A   10 2   43.310000
B   11 0   10.560000
C   12 0   23.130000
D   13 0   17.250000
E   14 1   56.880031
F   15 0   9.240000
G   16 0   12.590000
H   17 0   15.310000
I   18 0   38.450000
J   19 0   1.000000
K   20 0   5.610000
L   21 0   27.980000
M   22 0   15.360000
N   23 3   33.920000
O   24 0   36.510000
P   25 0   16.140000
Q   0 0   1.000000
R   1 0   38.640000
S   2 0   29.230000
T   3 0   35.430000
U   4 0   18.510000
V   5 1   5.130000
W   6 1   6.570000
X   7 1   1.480000
Y   8 0   9.060000
Z   9 0   1.390000
493.078113

17
Letter  Freq   Expected    Partial
A   9 0   43.310000
B   10 2   10.560000
C   11 0   23.130000
D   12 0   17.250000
E   13 0   56.880031
F   14 1   9.240000
G   15 0   12.590000
H   16 0   15.310000
I   17 0   38.450000
J   18 0   1.000000
K   19 0   5.610000
L   20 0   27.980000
M   21 0   15.360000
N   22 0   33.920000
O   23 3   36.510000
P   24 0   16.140000
Q   25 0   1.000000
R   0 0   38.640000
S   1 0   29.230000
T   2 0   35.430000
U   3 0   18.510000
V   4 0   5.130000
W   5 1   6.570000
X   6 1   1.480000
Y   7 1   9.060000
Z   8 0   1.390000
493.351809

18
Letter  Freq   Expected    Partial
A   8 0   43.310000
B   9 0   10.560000
C   10 2   23.130000
D   11 0   17.250000
E   12 0   56.880031
F   13 0   9.240000
G   14 1   12.590000
H   15 0   15.310000
I   16 0   38.450000
J   17 0   1.000000
K   18 0   5.610000
L   19 0   27.980000
M   20 0   15.360000
N   21 0   33.920000
O   22 0   36.510000
P   23 3   16.140000
Q   24 0   1.000000
R   25 0   38.640000
S   0 0   29.230000
T   1 0   35.430000
U   2 0   18.510000
V   3 0   5.130000
W   4 0   6.570000
X   5 1   1.480000
Y   6 1   9.060000
Z   7 1   1.390000
493.995490

19
Letter  Freq   Expected    Partial
A   7 1   43.310000
B   8 0   10.560000
C   9 0   23.130000
D   10 2   17.250000
E   11 0   56.880031
F   12 0   9.240000
G   13 0   12.590000
H   14 1   15.310000
I   15 0   38.450000
J   16 0   1.000000
K   17 0   5.610000
L   18 0   27.980000
M   19 0   15.360000
N   20 0   33.920000
O   21 0   36.510000
P   22 0   16.140000
Q   23 3   1.000000
R   24 0   38.640000
S   25 0   29.230000
T   0 0   35.430000
U   1 0   18.510000
V   2 0   5.130000
W   3 0   6.570000
X   4 0   1.480000
Y   5 1   9.060000
Z   6 1   1.390000
501.830120

20
Letter  Freq   Expected    Partial
A   6 1   43.310000
B   7 1   10.560000
C   8 0   23.130000
D   9 0   17.250000
E   10 2   56.880031
F   11 0   9.240000
G   12 0   12.590000
H   13 0   15.310000
I   14 1   38.450000
J   15 0   1.000000
K   16 0   5.610000
L   17 0   27.980000
M   18 0   15.360000
N   19 0   33.920000
O   20 0   36.510000
P   21 0   16.140000
Q   22 0   1.000000
R   23 3   38.640000
S   24 0   29.230000
T   25 0   35.430000
U   0 0   18.510000
V   1 0   5.130000
W   2 0   6.570000
X   3 0   1.480000
Y   4 0   9.060000
Z   5 1   1.390000
492.846492

21
Letter  Freq   Expected    Partial
A   5 1   43.310000
B   6 1   10.560000
C   7 1   23.130000
D   8 0   17.250000
E   9 0   56.880031
F   10 2   9.240000
G   11 0   12.590000
H   12 0   15.310000
I   13 0   38.450000
J   14 1   1.000000
K   15 0   5.610000
L   16 0   27.980000
M   17 0   15.360000
N   18 0   33.920000
O   19 0   36.510000
P   20 0   16.140000
Q   21 0   1.000000
R   22 0   38.640000
S   23 3   29.230000
T   24 0   35.430000
U   25 0   18.510000
V   0 0   5.130000
W   1 0   6.570000
X   2 0   1.480000
Y   3 0   9.060000
Z   4 0   1.390000
493.581854

22
Letter  Freq   Expected    Partial
A   4 0   43.310000
B   5 1   10.560000
C   6 1   23.130000
D   7 1   17.250000
E   8 0   56.880031
F   9 0   9.240000
G   10 2   12.590000
H   11 0   15.310000
I   12 0   38.450000
J   13 0   1.000000
K   14 1   5.610000
L   15 0   27.980000
M   16 0   15.360000
N   17 0   33.920000
O   18 0   36.510000
P   19 0   16.140000
Q   20 0   1.000000
R   21 0   38.640000
S   22 0   29.230000
T   23 3   35.430000
U   24 0   18.510000
V   25 0   5.130000
W   0 0   6.570000
X   1 0   1.480000
Y   2 0   9.060000
Z   3 0   1.390000
492.625920

23
Letter  Freq   Expected    Partial
A   3 0   43.310000
B   4 0   10.560000
C   5 1   23.130000
D   6 1   17.250000
E   7 1   56.880031
F   8 0   9.240000
G   9 0   12.590000
H   10 2   15.310000
I   11 0   38.450000
J   12 0   1.000000
K   13 0   5.610000
L   14 1   27.980000
M   15 0   15.360000
N   16 0   33.920000
O   17 0   36.510000
P   18 0   16.140000
Q   19 0   1.000000
R   20 0   38.640000
S   21 0   29.230000
T   22 0   35.430000
U   23 3   18.510000
V   24 0   5.130000
W   25 0   6.570000
X   0 0   1.480000
Y   1 0   9.060000
Z   2 0   1.390000
492.582047

24
Letter  Freq   Expected    Partial
A   2 0   43.310000
B   3 0   10.560000
C   4 0   23.130000
D   5 1   17.250000
E   6 1   56.880031
F   7 1   9.240000
G   8 0   12.590000
H   9 0   15.310000
I   10 2   38.450000
J   11 0   1.000000
K   12 0   5.610000
L   13 0   27.980000
M   14 1   15.360000
N   15 0   33.920000
O   16 0   36.510000
P   17 0   16.140000
Q   18 0   1.000000
R   19 0   38.640000
S   20 0   29.230000
T   21 0   35.430000
U   22 0   18.510000
V   23 3   5.130000
W   24 0   6.570000
X   25 0   1.480000
Y   0 0   9.060000
Z   1 0   1.390000
493.787329

25
Letter  Freq   Expected    Partial
A   1 0   43.310000
B   2 0   10.560000
C   3 0   23.130000
D   4 0   17.250000
E   5 1   56.880031
F   6 1   9.240000
G   7 1   12.590000
H   8 0   15.310000
I   9 0   38.450000
J   10 2   1.000000
K   11 0   5.610000
L   12 0   27.980000
M   13 0   15.360000
N   14 1   33.920000
O   15 0   36.510000
P   16 0   16.140000
Q   17 0   1.000000
R   18 0   38.640000
S   19 0   29.230000
T   20 0   35.430000
U   21 0   18.510000
V   22 0   5.130000
W   23 3   6.570000
X   24 0   1.480000
Y   25 0   9.060000
Z   0 0   1.390000
497.284609

7 NEVERMORE
